table_name,office_id,longitude,latitude
110,0,130.411067900000030,33.572198300000000
110,1,130.393980000000060,33.587827000000000
110,2,130.408834500000000,33.582363900000000
110,3,130.407418700000000,33.556689000000000
110,4,130.401072500000050,33.544962700000000
110,5,130.429211600000030,33.556094900000000
110,6,130.387611900000020,33.554767000000000
110,7,130.325915700000000,33.582416800000000
110,8,130.438568499999970,33.658114400000000
110,9,130.405673300000000,33.600414800000000
110,10,130.374002499999960,33.540840500000000
110,11,130.421522200000030,33.591341000000000
110,12,130.413387100000020,33.575925700000000
110,13,130.405206100000000,33.525067300000000
110,14,139.974370700000000,35.031802400000000
110,15,130.348941900000000,33.577622100000000
110,16,130.422412900000040,33.622382100000000
110,17,139.752353299999980,35.702379500000000
110,18,130.321214300000070,33.535386800000000
110,19,130.411307299999980,33.558369400000000
110,20,130.413552399999960,33.532947300000000
110,21,130.321782900000020,33.559615800000000
110,22,130.422116800000030,33.584061200000000
110,23,130.435897100000030,33.646965700000000
110,24,130.422580299999940,33.596854500000000
110,25,130.371806500000050,33.593815000000000
110,26,130.343248200000060,33.564184600000000
110,27,130.383264100000020,33.589679400000000
110,28,130.441849500000000,33.558192200000000
110,29,130.352392600000030,33.544600500000000
110,30,130.444013199999970,33.608597200000000
110,31,130.264780800000040,33.593771700000000
110,32,130.393639399999980,33.552472900000000
110,33,130.311325600000030,33.558132400000000
110,34,130.457024199999980,33.636073200000000
110,35,130.368353867767350,33.573914987019606
110,36,130.341009200000030,33.573164400000000
110,37,130.325243700000000,33.562843400000000
110,38,130.416910400000000,33.534633300000000
110,39,130.425850600000000,33.646207200000000
110,40,130.349192600000040,33.553585600000000
110,41,130.410123600000020,33.567534900000000
110,42,130.410612300000020,33.574273100000010
110,43,130.259428399999930,33.589666200000000
110,44,130.421498499999980,33.548901100000000
110,45,130.448343499999960,33.558836800000000
110,46,130.428069899999970,33.561644200000000
110,47,130.420319500000000,33.593915800000000
110,48,130.355794200000000,33.576919100000000
110,49,130.417957600000020,33.528706000000000
110,50,130.262159500000050,33.568304400000000
110,51,130.357691299999940,33.575466500000000
110,52,130.422860700000000,33.602009600000000
110,53,130.428793199999970,33.618357700000000
110,54,130.397152000000000,33.577467100000000
110,55,130.395012200000000,33.540027100000000
110,56,130.461004600000020,33.631554100000000
110,57,130.426161099999940,33.582719700000000
110,58,130.444495648024030,33.674598943881385
110,59,130.410610700000000,33.541965800000000
110,60,130.347706099999980,33.567012000000000
110,61,130.429489800000050,33.535422300000000
110,62,130.317185800000060,33.575967299999990
110,63,130.423758200000060,33.591782700000000
110,64,130.332460299999980,33.552013500000000
110,65,130.453303000000000,33.672510500000000
110,66,130.433880899999960,33.547709900000000
110,67,130.342607100000000,33.544344900000000
110,68,130.334829400000000,33.557357500000000
110,69,130.447395576474040,33.561463832261960
110,70,130.352314999999980,33.541431400000000
110,71,130.434461599999960,33.533381000000000
110,72,130.344403899999970,33.556829800000000
110,73,130.324391800000060,33.536708900000000
110,74,130.367804300000000,33.577849900000000
110,75,130.393974399999930,33.591321100000000
110,76,130.336560200000000,33.547691700000000
110,77,130.330473699999970,33.583038800000000
110,78,130.417867700000000,33.563899300000000
110,79,130.412031399999930,33.602439800000000
110,80,130.423265799999970,33.615832900000000
110,81,130.416331600000030,33.566162900000000
110,82,130.406680599999960,33.540124300000000
110,83,130.389238409807940,33.552986549943120
110,84,130.425437200000030,33.547587600000000
110,85,130.345284699999980,33.545944700000000
110,86,130.315149799999970,33.586655200000000
110,87,130.438853200000040,33.692802300000000
110,88,130.434583800000040,33.537572200000000
110,89,130.473941600000000,33.649266200000000
110,90,130.438194800000020,33.636750300000000
110,91,130.411746600000010,33.692601400000000
110,92,130.397613099999940,33.581100100000000
110,93,130.317903000000000,33.551463500000000
110,94,130.438052999999970,33.701693000000000
110,95,130.445512900000040,33.574909800000000
110,96,130.322763099999970,33.586402600000000
110,97,130.304515300000050,33.550030100000000
110,98,130.431261400000040,33.557300300000000
110,99,130.424535600000000,33.603117800000000
110,100,130.428691836805340,33.556799538053130
110,101,130.360338200000000,33.582718700000000
110,102,130.422268300000040,33.535469300000000
110,103,130.418389700000030,33.569998500000000
110,104,130.304551400000040,33.551374400000000
110,105,130.386338000000020,33.537546800000000
110,106,130.387680500000000,33.578783600000000
110,107,130.319982799999930,33.584322200000000
110,108,130.418888199999970,33.620065600000000
110,109,130.400327400000040,33.559669200000000
110,110,130.448596299999960,33.561744800000000
110,111,130.369554000000000,33.588976600000000
110,112,130.430326800000000,33.603853800000000
110,113,130.444610099999980,33.691890300000000
110,114,130.308183800000050,33.576041999999994
110,115,130.400038600000020,33.558366600000000
110,116,130.315963700000000,33.571595400000000
110,117,130.370244100000040,33.547261800000000
110,118,130.463711699999980,33.543283500000000
110,119,130.431198699999980,33.557636900000010
110,120,130.423573300000040,33.702508700000000
110,121,130.431935200000000,33.599704200000000
110,122,130.371310257038900,33.545890367528720
110,123,130.416294500000050,33.605842300000000
110,124,130.426315604893520,33.533621429448510
110,125,130.428270399999970,33.539896800000000
110,126,130.316832999999970,33.588882800000000
110,127,130.311930900000000,33.563823700000000
110,128,130.360969399999930,33.557546400000000
110,129,130.425975600000010,33.561716300000000
110,130,130.430017499999960,33.540274600000000
110,131,130.354346999999960,33.582018700000000
110,132,130.436837100000050,33.677670500000000
110,133,130.462609100000000,33.547580200000000
110,134,130.380310000000000,33.548462000000000
110,135,130.437736600000000,33.635567100000000
110,136,130.354772200000070,33.573869500000000
110,137,130.430512100000000,33.687427200000000
110,138,130.413503499999930,33.588591200000000
110,139,130.372837200000050,33.582427300000000
110,140,130.335338200000020,33.542639300000000
110,141,130.377856599999970,33.564337800000000
110,142,130.454675800000020,33.590927600000000
110,143,130.463839499999950,33.546408200000000
110,144,130.338666699999980,33.509178500000000
110,145,130.460692600000010,33.543269600000000
110,146,130.299384599999940,33.572533700000000
110,147,130.422967400000060,33.646907000000010
110,148,130.339340000000000,33.566151200000000
110,149,130.409199599999960,33.545651500000000
110,150,130.371790199999960,33.575369700000000
110,151,130.376331400000030,33.580624800000000
110,152,130.462475700000030,33.548310700000000
110,153,130.395571499999960,33.586818800000000
110,154,130.461934100000000,33.553851700000000
110,155,130.403662599999960,33.582461100000000
110,156,130.283891499999980,33.566814200000000
110,157,130.446571700000050,33.643794199999990
110,158,130.384970500000000,33.553333700000000
110,159,130.376337000000040,33.576283600000000
110,160,130.394288299999970,33.581352800000000
110,161,130.424163400000000,33.567490600000000
110,162,130.474635700000020,33.572672000000000
110,163,130.341584000000000,33.580955300000000
110,164,130.324765800000020,33.571287300000000
110,165,130.323424299999940,33.566287600000000
110,166,130.342714500000060,33.580083100000000
110,167,130.311319599999930,33.575633800000000
110,168,130.318091200000030,33.584433200000010
110,169,130.322988200000050,33.567101500000000
110,170,130.347631999999980,33.538862200000000
110,171,130.343374000000040,33.535137400000000
110,172,134.231734200000000,35.474938500000000
110,173,139.580334200000040,35.612137800000000
110,174,130.390229099999940,33.586741200000000
110,175,130.453558700000030,33.668166500000000
110,176,130.426908799999980,33.561999600000000
110,177,130.352783600000070,33.566653600000000
110,178,130.387680500000000,33.578783600000000
110,179,130.345984800000000,33.542156200000000
110,180,130.387274899999960,33.578811300000000
110,181,130.369881699999950,33.589637600000000
110,182,130.271170336579870,33.575004463938520
110,183,130.414755848197470,33.565996759867914
110,184,130.433785700000040,33.618871700000000
110,185,130.274758499999960,33.574935100000000
110,186,130.416994400000020,33.606822700000000
110,187,130.327696100000020,33.584205400000000
110,188,130.400418299999960,33.591490600000000
110,189,130.440329600000040,33.656600800000000
110,190,130.466845499999980,33.637359100000000
110,191,130.467269799999940,33.552515900000000
110,192,130.346923400000040,33.547644600000000
110,193,130.425941700000070,33.654142300000000
110,194,130.441087000000040,33.673218299999990
110,195,130.460767600000050,33.548430100000000
110,196,130.395340400000000,33.523097900000000
110,197,130.444840900000030,33.649232400000000
110,198,130.441882900000000,33.554734300000010
110,199,130.331899600000040,33.537586900000000
110,200,130.408249900000000,33.687002000000000
110,201,130.471069100000020,33.581462500000000
110,202,130.420656099999970,33.573434300000000
110,203,130.358685700000020,33.577308100000000
110,204,130.378995900000060,33.554677800000000
110,205,130.399061200000000,33.552581200000000
110,206,130.396611399999980,33.552392300000000
110,207,130.438243000000060,33.658672300000000
110,208,130.397660200000020,33.590207400000000
110,209,130.370401000000020,33.571744500000000
110,210,130.403208899999980,33.531666800000000
110,211,130.462126700000000,33.629965400000000
110,212,130.348823199999970,33.550805400000000
110,213,130.428887100000000,33.532908600000000
110,214,130.441963900000020,33.670647600000000
110,215,130.432921900000000,33.654370300000000
110,216,130.462845199999950,33.544977700000000
110,217,130.347445000000000,33.568375700000000
110,218,130.430040599999980,33.669765600000000
110,219,130.265675800000050,33.570909900000000
110,220,130.347081099999970,33.568681300000000
110,221,130.347497300000000,33.543940800000000
110,222,130.379029500000000,33.549614600000000
110,223,130.370079499999970,33.563709800000000
110,224,130.463251500000070,33.634523300000000
110,225,130.424800499999950,33.647968000000000
110,226,130.401715500000020,33.590354700000000
110,227,130.475002300000030,33.573933000000000
110,228,130.415438399999970,33.621287600000000
110,229,130.411678599999960,33.586716300000000
110,230,130.425206900000030,33.536208200000000
110,231,130.421865199999960,33.697334300000000
110,232,130.449368300000060,33.572146300000000
110,233,130.434163799999960,33.644165200000000
110,234,130.451180100000000,33.637608900000000
110,235,130.390064500000000,33.555125300000000
110,236,130.382934200000020,33.561071600000000
110,237,130.430046899999980,33.582644800000000
110,238,130.462911800000030,33.542494700000000
110,239,130.336418200000020,33.559035200000000
110,240,130.404446300000020,33.605471200000000
110,241,130.318232900000000,33.583625000000000
110,242,130.335574899999980,33.520463500000000
110,243,130.420431199999940,33.570465200000000
110,244,130.341131400000000,33.573344900000000
110,245,130.457179900000030,33.633167900000000
110,246,130.325427900000020,33.533125900000000
110,247,130.406216500000030,33.546534700000000
110,248,130.426342799999930,33.604817700000010
110,249,130.466819699999970,33.571488600000000
110,250,130.300053899999970,33.576039000000000
110,251,130.364646600000010,33.564345700000000
110,252,130.449277599999960,33.633517600000000
110,253,130.342020800000000,33.551583000000000
110,254,130.435314699999930,33.688480400000000
110,255,130.425578500000030,33.558761100000000
110,256,130.413348300000050,33.569659700000000
110,257,130.387303299999980,33.560694000000000
110,258,130.444729500000000,33.578673300000000
110,259,130.411752567706340,33.589596164023320
110,260,130.388795299999970,33.589390200000000
110,261,130.362710500000050,33.571608700000000
110,262,130.368390399999950,33.576230600000000
110,263,130.341870699999960,33.557579700000000
110,264,130.383562300000000,33.552664300000000
110,265,130.421537899999980,33.623673600000000
110,266,130.328491300000000,33.543141900000000
110,267,130.313338899999960,33.572273100000000
110,268,130.384946600000030,33.532744300000000
110,269,130.474963500000060,33.570309400000010
110,270,130.323660300000030,33.580392000000000
110,271,130.357405100000050,33.582029800000000
110,272,130.469150099999980,33.543300400000000
110,273,130.492945599999980,33.644689200000000
110,274,130.306726000000030,33.556915700000000
110,275,130.311845100000030,33.555679800000000
110,276,130.470766700000000,33.560384500000000
110,277,130.441821200000050,33.656592500000000
110,278,130.421675300000060,33.581339200000000
110,279,130.380007600000000,33.542507100000000
110,280,130.434136399999940,33.549026400000000
110,281,130.442104600000000,33.655562100000000
110,282,130.323660300000030,33.575550800000000
110,283,130.349886999999970,33.553152300000000
110,284,130.410749200000050,33.552145100000000
110,285,130.314636000000060,33.579228000000000
110,286,130.296751399999950,33.577261000000000
110,287,130.388795299999970,33.589390200000000
110,288,130.438571535581980,33.658067578992960
110,289,130.375195900000000,33.562176800000000
110,290,130.378692300000000,33.578222300000000
110,291,130.336442900000060,33.568828800000000
110,292,130.343128300000000,33.581033000000000
110,293,130.395548599999980,33.531289000000000
110,294,130.361232500000030,33.583579700000000
110,295,130.387978400000060,33.557152800000000
110,296,130.439096800000010,33.566916100000000
110,297,130.321838200000000,33.582083500000000
110,298,130.432654900000000,33.588485900000000
110,299,130.403573800000000,33.576322900000000
110,300,130.364094199999950,33.556463300000000
110,301,130.451300100000030,33.621313300000000
110,302,130.404794300000050,33.548401100000000
110,303,130.337613599999940,33.524999300000000
110,304,130.368045599999960,33.596445200000000
110,305,130.432678400000000,33.638266600000000
110,306,130.360628899999940,33.558750100000000
110,307,130.347493300000000,33.531976700000000
110,308,130.407510399999980,33.556927900000000
110,309,130.390584000000000,33.552970000000000
110,310,130.348506199999970,33.564070600000000
110,311,130.427209200000000,33.548762300000000
110,312,130.397546700000020,33.566190700000000
110,313,130.369253900000000,33.595831400000000
110,314,130.393475099999930,33.585486800000000
110,315,130.440224599999960,33.648432300000000
110,316,130.426683300000040,33.582544700000000
110,317,130.410731800000000,33.569479200000000
110,318,130.415373600000070,33.560521900000000
110,319,130.348450200000000,33.578480300000000
110,320,130.424663000000000,33.614088700000000
110,321,130.412726000000020,33.576442300000000
110,322,130.318585699999970,33.577919900000000
110,323,130.423143500000040,33.619029800000000
110,324,130.335262500000000,33.565331900000000
110,325,139.342329200000000,36.276617800000000
110,326,130.391150800000000,33.550667500000000
